randomPatches,nHiddenUnits,Learning Rate,TrainSetScore,TestSetScore
10000,170,0.01,16,10
100000,170,0.01,18,17.8
100000,170,0.01,16.5,14.4
400000,170,0.01,16.5,16.3
100000,300,0.5,12.5,17.8
100000,300,0.5,16.5,13.6
400000,30,0.1,16,15
10000,30,0.1,20,13.8
10000,30,0.1,20,16.4
100000,30,0.1,0,16.7
10000,200,0.1,10000,200,0.1,30,20.4
10000,200,0.1,30,20.3
10000,100,0.1,0,23.8
10000,300,0.1,10,19.4
50000,200,0.1,30,24.8
50000,150,0.1,30,24
50000,150,0.1,50000,150,0.1,20,32.6
50000,250,0.1,40,28.8
50000,350,0.1,20,28.4
50000,250,0.1,50000,250,0.1,10,19.3
50000,700,0.1,0,16.2
50000,700,0.1,40,24.5
50000,700,0.1,20,10.6

0,200,0.1,0,11
0,450,0.4,10,8.9
0,450,0.4,15,10.6
0,200,0.1,0,10.4
0,200,0.1,0,200,0.1,15,11.1
0,200,0.1,35,25.9
0,200,0.1,30,27.3
0,250,0.1,30,28.2
0,300,0.1,35,29.2
0,350,0.1,0,350,0.1,0,350,0.1,0,29.6
0,250,0.1,0,250,0.1,0,250,0.1,0,250,0.1,0,250,0.1,0,10.1
0,250,0.1,0,9.5
0,250,0.1,0,10.1
0,250,0.1,100,8.7
0,250,0.1,100,15.3
